100000000003	100000000019	100000000057	100000000063	100000000069	100000000073	100000000091	100000000103	100000000129	100000000171
100000000183	100000000193	100000000211	100000000223	100000000237	100000000253	100000000283	100000000319	100000000363	100000000367
100000000379	100000000393	100000000403	100000000411	100000000417	100000000427	100000000447	100000000487	100000000519	100000000567
100000000579	100000000621	100000000631	100000000637	100000000669	100000000699	100000000703	100000000721	100000000739	100000000747
100000000801	100000000817	100000000819	100000000861	100000000901	100000000943	100000000951	100000001009	100000001099	100000001111
100000001149	100000001201	100000001209	100000001237	100000001239	100000001249	100000001267	100000001287	100000001291	100000001317
100000001347	100000001363	100000001377	100000001389	100000001399	100000001467	100000001489	100000001509	100000001513	100000001551
100000001557	100000001567	100000001641	100000001659	100000001693	100000001729	100000001771	100000001807	100000001831	100000001837
100000001839	100000001863	100000001909	100000001921	100000001923	100000001939	100000001957	100000001989	100000002017	100000002031
100000002041	100000002059	100000002061	100000002097	100000002103	100000002181	100000002191	100000002199	100000002229	100000002251
100000002299	100000002313	100000002317	100000002353	100000002359	100000002373	100000002413	100000002497	100000002499	100000002503
100000002511	100000002539	100000002587	100000002617	100000002677	100000002689	100000002731	100000002757	100000002827	100000002847
100000002863	100000002889	100000002911	100000002913	100000002941	100000002943	100000002953	100000003039	100000003067	100000003069
100000003087	100000003097	100000003163	100000003211	100000003223	100000003241	100000003249	100000003277	100000003303	100000003319
100000003361	100000003373	100000003379	100000003381	100000003447	100000003457	100000003471	100000003517	100000003559	100000003583
100000003591	100000003627	100000003657	100000003661	100000003699	100000003709	100000003757	100000003759	100000003787	100000003813
100000003853	100000003867	100000003897	100000003921	100000003951	100000003997	100000004021	100000004053	100000004099	100000004107
100000004171	100000004177	100000004207	100000004267	100000004333	100000004407	100000004437	100000004449	100000004471	100000004483
100000004501	100000004521	100000004539	100000004591	100000004653	100000004677	100000004707	100000004719	100000004749	100000004761
100000004809	100000004827	100000004837	100000004843	100000004849	100000004861	100000004903	100000004917	100000004953	100000004987
100000004989	100000005011	100000005023	100000005031	100000005037	100000005041	100000005067	100000005103	100000005143	100000005163
100000005169	100000005181	100000005227	100000005239	100000005257	100000005263	100000005407	100000005419	100000005431	100000005433
100000005449	100000005461	100000005481	100000005503	100000005529	100000005559	100000005583	100000005617	100000005631	100000005671
100000005673	100000005683	100000005691	100000005701	100000005731	100000005761	100000005793	100000005799	100000005803	100000005821
100000005841	100000005863	100000005869	100000005881	100000005883	100000005907	100000005953	100000005991	100000006033	100000006037
100000006039	100000006097	100000006109	100000006147	100000006163	100000006193	100000006201	100000006217	100000006259	100000006277
100000006279	100000006289	100000006307	100000006339	100000006399	100000006409	100000006411	100000006433	100000006439	100000006459
100000006489	100000006499	100000006517	100000006543	100000006619	100000006663	100000006679	100000006703	100000006721	100000006741
100000006759	100000006789	100000006867	100000006877	100000007017	100000007071	100000007089	100000007143	100000007147	100000007167
100000007279	100000007293	100000007299	100000007309	100000007351	100000007413	100000007417	100000007431	100000007531	100000007533
100000007537	100000007539	100000007573	100000007587	100000007603	100000007621	100000007629	100000007671	100000007699	100000007711
100000007753	100000007791	100000007801	100000007837	100000007869	100000007879	100000007927	100000007963	100000008001	100000008037
100000008079	100000008083	100000008127	100000008131	100000008161	100000008169	100000008181	100000008209	100000008211	100000008253
100000008349	100000008377	100000008397	100000008421	100000008431	100000008443	100000008469	100000008481	100000008523	100000008527
100000008551	100000008569	100000008587	100000008601	100000008617	100000008653	100000008737	100000008739	100000008761	100000008781
100000008799	100000008841	100000008853	100000008869	100000008883	100000008931	100000008937	100000008947	100000009009	100000009069
100000009079	100000009091	100000009103	100000009159	100000009181	100000009189	100000009199	100000009283	100000009309	100000009349
100000009363	100000009387	100000009393	100000009397	100000009399	100000009507	100000009511	100000009541	100000009547	100000009583
100000009601	100000009633	100000009639	100000009649	100000009699	100000009717	100000009729	100000009741	100000009819	100000009831
100000009849	100000009861	100000009939	100000009997	100000010039	100000010053	100000010057	100000010081	100000010093	100000010101
100000010141	100000010147	100000010179	100000010191	100000010203	100000010237	100000010239	100000010251	100000010287	100000010321
100000010437	100000010479	100000010491	100000010549	100000010573	100000010611	100000010681	100000010687	100000010723	100000010729
100000010749	100000010771	100000010807	100000010813	100000010849	100000010863	100000010881	100000010909	100000010983	100000011011
100000011043	100000011061	100000011073	100000011103	100000011107	100000011119	100000011143	100000011157	100000011173	100000011187
100000011257	100000011281	100000011289	100000011311	100000011341	100000011343	100000011403	100000011427	100000011479	100000011497
100000011499	100000011521	100000011539	100000011581	100000011583	100000011589	100000011623	100000011641	100000011653	100000011673
100000011677	100000011679	100000011689	100000011719	100000011733	100000011739	100000011773	100000011791	100000011799	100000011817
100000011833	100000011857	100000011911	100000011997	100000012001	100000012061	100000012069	100000012087	100000012097	100000012103
100000012157	100000012183	100000012187	100000012193	100000012223	100000012247	100000012261	100000012303	100000012337	100000012349
100000012361	100000012367	100000012391	100000012397	100000012417	100000012429	100000012459	100000012477	100000012493	100000012501
100000012547	100000012561	100000012573	100000012579	100000012597	100000012631	100000012649	100000012661	100000012667	100000012669
100000012703	100000012711	100000012769	100000012771	100000012817	100000012831	100000012897	100000012901	100000012909	100000012919
100000012967	100000013011	100000013059	100000013081	100000013093	100000013131	100000013137	100000013159	100000013167	100000013227
100000013263	100000013293	100000013297	100000013303	100000013353	100000013413	100000013429	100000013441	100000013537	100000013543
100000013549	100000013557	100000013579	100000013593	100000013681	100000013719	100000013753	100000013783	100000013821	100000013879
100000013887	100000013929	100000013941	100000013957	100000013959	100000014019	100000014043	100000014067	100000014143	100000014151
100000014161	100000014167	100000014173	100000014187	100000014203	100000014221	100000014227	100000014259	100000014271	100000014383
100000014421	100000014437	100000014479	100000014511	100000014523	100000014533	100000014601	100000014607	100000014619	100000014671
100000014679	100000014773	100000014781	100000014809	100000014937	100000014941	100000014973	100000015001	100000015009	100000015021
100000015039	100000015111	100000015123	100000015151	100000015153	100000015187	100000015211	100000015277	100000015301	100000015333
